minusX : 
- lower_bound:    [-0.402292, 0.373717, 0.341387]
  upper_bound:    [-0.402292, 0.394773, 0.0613541]
  orientation:    [-0.706609, -0.0265276, 0.706609, 0.0265278]
  distance:       0.280823

plusX : 
- lower_bound:    [-0.432292, 0.394773, 0.0613541]
  upper_bound:    [-0.432292, 0.373717, 0.341387]
  orientation:    [0.706609, -0.0265278, 0.706609, -0.0265275]
  distance:       0.280823